# First Investor's Heaven — sample close
# Format: symbol openingPrice closingPrice todayHigh todayLow prevClose volume
MSMT 112.50 115.75 116.50 111.75 113.50 6723823
CBA 67.50 75.50 78.75 67.50 65.75 378233
ABC 123.45 130.95 132.00 125.00 120.50 10000
AOLK 80.00 75.00 82.00 74.00 83.00 5000
CSCO 100.00 102.00 105.00 98.00 101.00 25000
IBD 68.00 71.00 72.00 67.00 75.00 15000
MSET 120.00 140.00 145.00 140.00 115.00 30920
AAPL 189.20 192.45 193.10 187.50 188.00 1250000
NVDA 875.30 892.10 898.00 870.00 880.25 890000
TSLA 248.50 241.20 252.00 239.80 250.00 2100000
PCT 6.32 6.12 6.475 6.105 6.33 693229